""
2016 11 27 22 12 36  
""
21 1337  
1337 1337 1337  
615 100 4 6  

0 2  
1 4  
2 3  
5 0  
4 7  
7 0  
3 1  
4 5  
7 0  
5 0  
7 0  
5 0  
6 0  
3 6  
1 8  
8 0  
5 0  
8 0  
6 0  
1 9  
7 0  
7 0  
5 0  
8 0  
3 10  
#  
10  
6 2  
5 5  


8 3 "Polaris" 5 5 "Candy" 8 9 "Astaroth" ;  
4 2 "Lockheart" 8 5 "Huwawa" 6 8 "Ursula" ;  
7 2 "Qilin" 5 5 "Venus" 2 8 "Asherah" ;  
5 2 "Himiko" 8 6 "Erin" 7 9 "Lilim" ;  
8 4 "Amaymon" 3 8 "Scheherazade" ;  
2 8 "Circe" 8 9 "Karen" ;  
2 3 "Urcaguary" 6 5 "Skadi" 3 8 "Ellie" ;  
4 5 "Catcine" 6 8 "Leona" ;  
8 3 "Eros" 4 6 "Popuri" 7 7 "Prometheus" ;  
7 3 "Anahita" 9 7 "Baraqiel" ;  
#  

"(1 1(2 1(4 0(6 0()())(7 0()()))())(3 1()(5 0(8 0()())(9 0()()))))" 
"(3 1()(5 0(8 0()())(9 0()())))" 
"(2 1(4 0(6 0()())(7 0()()))())" 
"(4 1(6 1()())(7 1()()))" 
"(5 1(8 1()())(9 1()()))" 
"(6 1()())" 
"(7 1()())" 
"(8 1()())" 
"(9 1()())" 
#  
|
